1
5 5
1
2
8
4
9

6
3 10 8 6 10 11
4
1
10
3
11


5
868 987 714 168 123
10
424
192
795
873
117
914
735
158
631
471

2
2
3
4
0
4
3
1
2
2








5
5 6
1 2 2 4
2 5 5 25
2 3 4 16
1 4 1 1
4 3 3 9
3 5 1 1

3 3 
1 2 1 1
1 3 2 4
2 3 1 1

10 10
1 5 12 144
2 4 140 19600
2 10 149 22201
3 6 154 23716
3 7 9 81
3 8 226 51076
3 10 132 17424
4 10 55 3025
5 8 33 1089
7 8 173 29929

10 10
1 5 2 357
1 8 2 443
2 7 2 185
2 8 2 319
3 5 2 111
3 6 2 359
3 10 2 475
4 8 2 411
5 6 2 383
8 10 2 315

10 10
1 4 1 201
2 3 1 238
3 4 1 40
3 6 1 231
3 8 1 45
4 5 1 227
4 6 1 58
4 9 1 55
5 7 1 14
6 10 1 242
